1.2000    0.0000  
1.2000    0.0049  
1.1998    0.0098  
1.1996    0.0146  
1.1993    0.0195  
1.1989    0.0244  
1.1984    0.0293  
1.1979    0.0341  
1.1972    0.0390  
1.1965    0.0439  
1.1957    0.0487  
1.1949    0.0536  
1.1940    0.0585  
1.1930    0.0633  
1.1919    0.0682  
1.1908    0.0730  
1.1896    0.0779  
1.1883    0.0827  
1.1870    0.0875  
1.1856    0.0924  
1.1841    0.0972  
1.1826    0.1020  
1.1811    0.1068  
1.1795    0.1117  
1.1778    0.1165  
1.1761    0.1213  
1.1744    0.1261  
1.1726    0.1308  
1.1707    0.1356  
1.1688    0.1404  
1.1669    0.1452  
1.1649    0.1499  
1.1629    0.1547  
1.1609    0.1594  
1.1588    0.1641  
1.1567    0.1689  
1.1546    0.1736  
1.1524    0.1783  
1.1502    0.1830  
1.1480    0.1876  
1.1457    0.1923  
1.1435    0.1970  
1.1420    0.2000  
1.1397    0.2046  
1.1374    0.2093  
1.1350    0.2139  
1.1327    0.2185  
1.1303    0.2231  
1.1279    0.2277  
1.1255    0.2322  
1.1230    0.2368  
1.1206    0.2413  
1.1181    0.2458  
1.1156    0.2503  
1.1130    0.2548  
1.1105    0.2592  
1.1079    0.2636  
1.1052    0.2680  
1.1026    0.2724  
1.0999    0.2767  
1.0972    0.2811  
1.0945    0.2854  
1.0917    0.2896  
1.0889    0.2939  
1.0861    0.2981  
1.0833    0.3022  
1.0804    0.3064  
1.0775    0.3105  
1.0745    0.3146  
1.0715    0.3186  
1.0685    0.3226  
1.0655    0.3266  
1.0624    0.3305  
1.0593    0.3344  
1.0561    0.3382  
1.0529    0.3421  
1.0497    0.3458  
1.0464    0.3496  
1.0431    0.3532  
1.0398    0.3569  
1.0364    0.3605  
1.0330    0.3640  
1.0295    0.3675  
1.0260    0.3710  
1.0225    0.3744  
1.0189    0.3777  
1.0153    0.3810  
1.0116    0.3843  
1.0079    0.3875  
1.0041    0.3907  
1.0003    0.3937  
1.0000    0.3940  
0.9962    0.3970  
0.9923    0.4000  
0.9883    0.4029  
0.9843    0.4058  
0.9803    0.4087  
0.9763    0.4114  
0.9722    0.4142  
0.9681    0.4169  
0.9639    0.4195  
0.9597    0.4221  
0.9555    0.4247  
0.9512    0.4272  
0.9469    0.4297  
0.9426    0.4322  
0.9383    0.4346  
0.9339    0.4370  
0.9295    0.4394  
0.9251    0.4417  
0.9206    0.4440  
0.9162    0.4463  
0.9117    0.4485  
0.9072    0.4508  
0.9026    0.4530  
0.8981    0.4552  
0.8936    0.4573  
0.8890    0.4595  
0.8844    0.4616  
0.8798    0.4638  
0.8752    0.4659  
0.8706    0.4680  
0.8660    0.4701  
0.8614    0.4722  
0.8567    0.4743  
0.8521    0.4764  
0.8475    0.4784  
0.8428    0.4805  
0.8382    0.4826  
0.8336    0.4847  
0.8289    0.4868  
0.8243    0.4888  
0.8197    0.4909  
0.8150    0.4930  
0.8104    0.4952  
0.8058    0.4973  
0.8012    0.4994  
0.8000    0.5000  
0.7954    0.5022  
0.7909    0.5043  
0.7863    0.5065  
0.7817    0.5087  
0.7772    0.5109  
0.7727    0.5131  
0.7682    0.5154  
0.7637    0.5176  
0.7591    0.5199  
0.7547    0.5221  
0.7502    0.5244  
0.7457    0.5267  
0.7412    0.5289  
0.7367    0.5312  
0.7323    0.5335  
0.7278    0.5358  
0.7234    0.5381  
0.7189    0.5404  
0.7145    0.5427  
0.7100    0.5450  
0.7056    0.5473  
0.7011    0.5496  
0.6967    0.5519  
0.6923    0.5542  
0.6878    0.5565  
0.6834    0.5587  
0.6790    0.5610  
0.6745    0.5633  
0.6701    0.5656  
0.6657    0.5679  
0.6612    0.5701  
0.6568    0.5724  
0.6524    0.5746  
0.6479    0.5768  
0.6435    0.5791  
0.6390    0.5813  
0.6346    0.5835  
0.6301    0.5857  
0.6256    0.5878  
0.6212    0.5900  
0.6167    0.5922  
0.6122    0.5943  
0.6077    0.5964  
0.6032    0.5985  
0.6000    0.6000  
0.5955    0.6021  
0.5910    0.6041  
0.5865    0.6062  
0.5819    0.6082  
0.5774    0.6102  
0.5729    0.6122  
0.5683    0.6141  
0.5637    0.6161  
0.5592    0.6180  
0.5546    0.6200  
0.5500    0.6219  
0.5455    0.6238  
0.5409    0.6257  
0.5363    0.6276  
0.5317    0.6295  
0.5271    0.6314  
0.5225    0.6332  
0.5178    0.6351  
0.5132    0.6370  
0.5086    0.6388  
0.5040    0.6407  
0.4993    0.6425  
0.4947    0.6444  
0.4900    0.6462  
0.4854    0.6480  
0.4807    0.6499  
0.4761    0.6517  
0.4714    0.6535  
0.4667    0.6554  
0.4621    0.6572  
0.4574    0.6591  
0.4527    0.6609  
0.4480    0.6627  
0.4434    0.6646  
0.4387    0.6664  
0.4340    0.6683  
0.4293    0.6702  
0.4246    0.6721  
0.4199    0.6739  
0.4152    0.6758  
0.4105    0.6777  
0.4058    0.6796  
0.4011    0.6816  
0.4000    0.6820  
0.3953    0.6839  
0.3906    0.6859  
0.3859    0.6878  
0.3812    0.6898  
0.3764    0.6918  
0.3717    0.6937  
0.3670    0.6957  
0.3623    0.6977  
0.3576    0.6997  
0.3528    0.7017  
0.3481    0.7037  
0.3434    0.7057  
0.3387    0.7077  
0.3339    0.7097  
0.3292    0.7117  
0.3244    0.7137  
0.3197    0.7157  
0.3150    0.7177  
0.3102    0.7197  
0.3055    0.7217  
0.3007    0.7237  
0.2960    0.7256  
0.2912    0.7276  
0.2865    0.7295  
0.2817    0.7315  
0.2770    0.7334  
0.2722    0.7354  
0.2675    0.7373  
0.2627    0.7392  
0.2579    0.7411  
0.2532    0.7429  
0.2484    0.7448  
0.2436    0.7467  
0.2388    0.7485  
0.2341    0.7503  
0.2293    0.7521  
0.2245    0.7539  
0.2197    0.7556  
0.2149    0.7573  
0.2102    0.7591  
0.2054    0.7607  
0.2006    0.7624  
0.1958    0.7641  
0.1910    0.7657  
0.1862    0.7673  
0.1814    0.7688  
0.1766    0.7704  
0.1718    0.7719  
0.1670    0.7733  
0.1622    0.7748  
0.1573    0.7762  
0.1525    0.7776  
0.1477    0.7789  
0.1429    0.7803  
0.1381    0.7815  
0.1332    0.7828  
0.1284    0.7840  
0.1236    0.7852  
0.1188    0.7863  
0.1139    0.7874  
0.1091    0.7885  
0.1042    0.7895  
0.0994    0.7905  
0.0946    0.7914  
0.0897    0.7923  
0.0849    0.7931  
0.0800    0.7939  
0.0752    0.7947  
0.0703    0.7954  
0.0654    0.7961  
0.0606    0.7967  
0.0557    0.7972  
0.0508    0.7978  
0.0460    0.7982  
0.0411    0.7986  
0.0362    0.7990  
0.0313    0.7993  
0.0265    0.7996  
0.0216    0.7998  
0.0167    0.7999  
0.0118    0.8000  
0.0069    0.8001  
0.0020    0.8000  
0.0000    0.8000  
-0.0049   0.7999  
-0.0098   0.7997  
-0.0147   0.7995  
-0.0196   0.7992  
-0.0245   0.7989  
-0.0294   0.7985  
-0.0344   0.7981  
-0.0393   0.7976  
-0.0442   0.7970  
-0.0491   0.7965  
-0.0540   0.7958  
-0.0589   0.7952  
-0.0639   0.7944  
-0.0688   0.7937  
-0.0737   0.7929  
-0.0786   0.7920  
-0.0836   0.7911  
-0.0885   0.7902  
-0.0934   0.7893  
-0.0983   0.7883  
-0.1032   0.7872  
-0.1082   0.7862  
-0.1131   0.7851  
-0.1180   0.7840  
-0.1229   0.7828  
-0.1279   0.7816  
-0.1328   0.7804  
-0.1377   0.7792  
-0.1426   0.7780  
-0.1475   0.7767  
-0.1524   0.7754  
-0.1573   0.7741  
-0.1622   0.7728  
-0.1671   0.7714  
-0.1720   0.7700  
-0.1769   0.7687  
-0.1818   0.7673  
-0.1867   0.7659  
-0.1916   0.7644  
-0.1965   0.7630  
-0.2000   0.7620  
-0.2049   0.7606  
-0.2098   0.7591  
-0.2146   0.7577  
-0.2195   0.7562  
-0.2243   0.7547  
-0.2292   0.7532  
-0.2340   0.7517  
-0.2389   0.7502  
-0.2437   0.7487  
-0.2485   0.7471  
-0.2533   0.7456  
-0.2582   0.7440  
-0.2629   0.7424  
-0.2677   0.7408  
-0.2725   0.7391  
-0.2772   0.7375  
-0.2820   0.7358  
-0.2867   0.7341  
-0.2914   0.7323  
-0.2961   0.7306  
-0.3008   0.7288  
-0.3055   0.7269  
-0.3102   0.7251  
-0.3148   0.7232  
-0.3194   0.7213  
-0.3240   0.7194  
-0.3286   0.7174  
-0.3332   0.7154  
-0.3377   0.7134  
-0.3423   0.7113  
-0.3468   0.7092  
-0.3512   0.7070  
-0.3557   0.7048  
-0.3601   0.7026  
-0.3646   0.7003  
-0.3690   0.6980  
-0.3733   0.6957  
-0.3777   0.6933  
-0.3820   0.6908  
-0.3863   0.6884  
-0.3906   0.6858  
-0.3948   0.6832  
-0.3990   0.6806  
-0.4000   0.6800  
-0.4042   0.6773  
-0.4083   0.6746  
-0.4125   0.6718  
-0.4166   0.6690  
-0.4206   0.6661  
-0.4247   0.6632  
-0.4287   0.6602  
-0.4327   0.6572  
-0.4367   0.6542  
-0.4407   0.6511  
-0.4446   0.6480  
-0.4485   0.6449  
-0.4524   0.6418  
-0.4563   0.6386  
-0.4601   0.6354  
-0.4640   0.6321  
-0.4678   0.6289  
-0.4716   0.6256  
-0.4754   0.6223  
-0.4791   0.6189  
-0.4829   0.6156  
-0.4866   0.6122  
-0.4903   0.6089  
-0.4940   0.6055  
-0.4977   0.6021  
-0.5000   0.6000  
-0.5037   0.5966  
-0.5073   0.5932  
-0.5110   0.5897  
-0.5146   0.5863  
-0.5183   0.5829  
-0.5219   0.5794  
-0.5255   0.5760  
-0.5291   0.5725  
-0.5327   0.5690  
-0.5362   0.5655  
-0.5398   0.5620  
-0.5434   0.5585  
-0.5469   0.5550  
-0.5504   0.5515  
-0.5540   0.5479  
-0.5575   0.5444  
-0.5610   0.5408  
-0.5645   0.5373  
-0.5680   0.5337  
-0.5715   0.5301  
-0.5749   0.5265  
-0.5784   0.5229  
-0.5819   0.5193  
-0.5853   0.5157  
-0.5888   0.5120  
-0.5922   0.5084  
-0.5956   0.5047  
-0.5990   0.5010  
-0.6000   0.5000  
-0.6034   0.4963  
-0.6068   0.4926  
-0.6102   0.4889  
-0.6136   0.4852  
-0.6169   0.4814  
-0.6203   0.4777  
-0.6236   0.4739  
-0.6269   0.4701  
-0.6302   0.4663  
-0.6335   0.4625  
-0.6367   0.4587  
-0.6399   0.4548  
-0.6431   0.4509  
-0.6463   0.4470  
-0.6494   0.4431  
-0.6525   0.4392  
-0.6555   0.4352  
-0.6585   0.4312  
-0.6615   0.4272  
-0.6644   0.4232  
-0.6673   0.4191  
-0.6702   0.4150  
-0.6729   0.4109  
-0.6757   0.4067  
-0.6784   0.4026  
-0.6800   0.4000  
-0.6826   0.3958  
-0.6852   0.3915  
-0.6877   0.3873  
-0.6901   0.3829  
-0.6925   0.3786  
-0.6949   0.3743  
-0.6972   0.3699  
-0.6994   0.3655  
-0.7017   0.3610  
-0.7038   0.3566  
-0.7060   0.3521  
-0.7081   0.3476  
-0.7101   0.3431  
-0.7121   0.3385  
-0.7141   0.3340  
-0.7161   0.3294  
-0.7180   0.3248  
-0.7199   0.3201  
-0.7217   0.3155  
-0.7235   0.3108  
-0.7253   0.3062  
-0.7271   0.3015  
-0.7288   0.2968  
-0.7305   0.2920  
-0.7322   0.2873  
-0.7339   0.2826  
-0.7355   0.2778  
-0.7371   0.2730  
-0.7387   0.2682  
-0.7403   0.2634  
-0.7419   0.2586  
-0.7434   0.2538  
-0.7450   0.2490  
-0.7465   0.2442  
-0.7480   0.2393  
-0.7495   0.2345  
-0.7510   0.2296  
-0.7525   0.2248  
-0.7540   0.2199  
-0.7555   0.2150  
-0.7569   0.2102  
-0.7584   0.2053  
-0.7599   0.2004  
-0.7600   0.2000  
-0.7615   0.1951  
-0.7629   0.1902  
-0.7644   0.1854  
-0.7659   0.1805  
-0.7673   0.1756  
-0.7688   0.1707  
-0.7702   0.1658  
-0.7716   0.1609  
-0.7730   0.1560  
-0.7744   0.1511  
-0.7758   0.1462  
-0.7771   0.1413  
-0.7785   0.1364  
-0.7798   0.1315  
-0.7811   0.1266  
-0.7823   0.1217  
-0.7836   0.1168  
-0.7848   0.1119  
-0.7859   0.1070  
-0.7871   0.1021  
-0.7882   0.0972  
-0.7892   0.0923  
-0.7902   0.0874  
-0.7912   0.0825  
-0.7922   0.0776  
-0.7931   0.0727  
-0.7939   0.0678  
-0.7947   0.0629  
-0.7955   0.0579  
-0.7962   0.0530  
-0.7968   0.0481  
-0.7974   0.0432  
-0.7979   0.0383  
-0.7984   0.0334  
-0.7988   0.0285  
-0.7992   0.0236  
-0.7995   0.0186  
-0.7997   0.0137  
-0.7999   0.0088  
-0.8000   0.0039  
-0.8000   0.0000  
-0.8000   -0.0049 
-0.7999   -0.0098 
-0.7997   -0.0147 
-0.7994   -0.0197 
-0.7991   -0.0246 
-0.7988   -0.0295 
-0.7983   -0.0344 
-0.7978   -0.0393 
-0.7973   -0.0442 
-0.7967   -0.0491 
-0.7960   -0.0541 
-0.7953   -0.0590 
-0.7946   -0.0639 
-0.7937   -0.0688 
-0.7929   -0.0737 
-0.7920   -0.0786 
-0.7910   -0.0835 
-0.7900   -0.0884 
-0.7890   -0.0933 
-0.7879   -0.0982 
-0.7868   -0.1031 
-0.7857   -0.1080 
-0.7845   -0.1130 
-0.7833   -0.1179 
-0.7821   -0.1228 
-0.7808   -0.1277 
-0.7795   -0.1326 
-0.7782   -0.1375 
-0.7769   -0.1424 
-0.7755   -0.1472 
-0.7741   -0.1521 
-0.7727   -0.1570 
-0.7713   -0.1619 
-0.7699   -0.1668 
-0.7685   -0.1717 
-0.7670   -0.1766 
-0.7656   -0.1815 
-0.7641   -0.1864 
-0.7626   -0.1913 
-0.7612   -0.1961 
-0.7600   -0.2000 
-0.7585   -0.2049 
-0.7571   -0.2098 
-0.7556   -0.2146 
-0.7541   -0.2195 
-0.7526   -0.2244 
-0.7511   -0.2292 
-0.7496   -0.2341 
-0.7481   -0.2389 
-0.7466   -0.2438 
-0.7451   -0.2486 
-0.7436   -0.2534 
-0.7420   -0.2582 
-0.7404   -0.2631 
-0.7389   -0.2678 
-0.7373   -0.2726 
-0.7356   -0.2774 
-0.7340   -0.2822 
-0.7323   -0.2869 
-0.7306   -0.2917 
-0.7289   -0.2964 
-0.7272   -0.3011 
-0.7254   -0.3058 
-0.7237   -0.3105 
-0.7218   -0.3151 
-0.7200   -0.3198 
-0.7181   -0.3244 
-0.7162   -0.3290 
-0.7143   -0.3336 
-0.7123   -0.3382 
-0.7103   -0.3427 
-0.7082   -0.3472 
-0.7061   -0.3517 
-0.7040   -0.3562 
-0.7018   -0.3607 
-0.6996   -0.3651 
-0.6974   -0.3695 
-0.6951   -0.3739 
-0.6927   -0.3783 
-0.6903   -0.3826 
-0.6879   -0.3869 
-0.6854   -0.3912 
-0.6828   -0.3954 
-0.6802   -0.3997 
-0.6800   -0.4000 
-0.6773   -0.4042 
-0.6746   -0.4084 
-0.6719   -0.4125 
-0.6691   -0.4166 
-0.6662   -0.4207 
-0.6633   -0.4247 
-0.6604   -0.4288 
-0.6574   -0.4328 
-0.6543   -0.4367 
-0.6513   -0.4407 
-0.6482   -0.4446 
-0.6450   -0.4485 
-0.6419   -0.4524 
-0.6387   -0.4563 
-0.6355   -0.4602 
-0.6322   -0.4640 
-0.6289   -0.4678 
-0.6256   -0.4716 
-0.6223   -0.4754 
-0.6190   -0.4791 
-0.6156   -0.4829 
-0.6123   -0.4866 
-0.6089   -0.4903 
-0.6055   -0.4940 
-0.6021   -0.4977 
-0.6000   -0.5000 
-0.5966   -0.5037 
-0.5932   -0.5073 
-0.5897   -0.5110 
-0.5863   -0.5146 
-0.5828   -0.5183 
-0.5794   -0.5219 
-0.5759   -0.5255 
-0.5725   -0.5291 
-0.5690   -0.5327 
-0.5655   -0.5363 
-0.5620   -0.5398 
-0.5585   -0.5434 
-0.5550   -0.5469 
-0.5515   -0.5505 
-0.5479   -0.5540 
-0.5444   -0.5575 
-0.5408   -0.5610 
-0.5373   -0.5645 
-0.5337   -0.5680 
-0.5301   -0.5715 
-0.5265   -0.5750 
-0.5229   -0.5784 
-0.5193   -0.5819 
-0.5157   -0.5853 
-0.5120   -0.5888 
-0.5084   -0.5922 
-0.5047   -0.5956 
-0.5010   -0.5990 
-0.5000   -0.6000 
-0.4963   -0.6034 
-0.4926   -0.6068 
-0.4889   -0.6102 
-0.4852   -0.6135 
-0.4814   -0.6169 
-0.4777   -0.6202 
-0.4739   -0.6235 
-0.4701   -0.6268 
-0.4663   -0.6301 
-0.4625   -0.6334 
-0.4586   -0.6366 
-0.4548   -0.6398 
-0.4509   -0.6430 
-0.4470   -0.6461 
-0.4431   -0.6492 
-0.4391   -0.6523 
-0.4352   -0.6554 
-0.4312   -0.6584 
-0.4272   -0.6613 
-0.4231   -0.6643 
-0.4191   -0.6672 
-0.4150   -0.6700 
-0.4109   -0.6729 
-0.4067   -0.6756 
-0.4026   -0.6784 
-0.4000   -0.6800 
-0.3958   -0.6826 
-0.3916   -0.6852 
-0.3873   -0.6878 
-0.3830   -0.6903 
-0.3787   -0.6928 
-0.3744   -0.6952 
-0.3700   -0.6976 
-0.3656   -0.6999 
-0.3612   -0.7022 
-0.3568   -0.7044 
-0.3523   -0.7066 
-0.3478   -0.7088 
-0.3433   -0.7109 
-0.3388   -0.7130 
-0.3343   -0.7151 
-0.3297   -0.7171 
-0.3251   -0.7191 
-0.3205   -0.7210 
-0.3159   -0.7230 
-0.3113   -0.7249 
-0.3066   -0.7267 
-0.3019   -0.7285 
-0.2973   -0.7303 
-0.2926   -0.7321 
-0.2878   -0.7339 
-0.2831   -0.7356 
-0.2784   -0.7373 
-0.2736   -0.7390 
-0.2689   -0.7406 
-0.2641   -0.7422 
-0.2593   -0.7438 
-0.2545   -0.7454 
-0.2497   -0.7470 
-0.2449   -0.7485 
-0.2400   -0.7500 
-0.2352   -0.7515 
-0.2303   -0.7530 
-0.2255   -0.7545 
-0.2206   -0.7560 
-0.2158   -0.7574 
-0.2109   -0.7588 
-0.2060   -0.7603 
-0.2011   -0.7617 
-0.2000   -0.7620 
-0.1951   -0.7634 
-0.1902   -0.7648 
-0.1853   -0.7662 
-0.1804   -0.7675 
-0.1755   -0.7689 
-0.1706   -0.7702 
-0.1657   -0.7715 
-0.1608   -0.7728 
-0.1559   -0.7741 
-0.1510   -0.7754 
-0.1460   -0.7766 
-0.1411   -0.7778 
-0.1362   -0.7790 
-0.1313   -0.7802 
-0.1264   -0.7813 
-0.1214   -0.7824 
-0.1165   -0.7835 
-0.1116   -0.7846 
-0.1066   -0.7856 
-0.1017   -0.7866 
-0.0968   -0.7875 
-0.0918   -0.7885 
-0.0869   -0.7893 
-0.0820   -0.7902 
-0.0770   -0.7910 
-0.0721   -0.7918 
-0.0672   -0.7925 
-0.0622   -0.7932 
-0.0573   -0.7939 
-0.0524   -0.7945 
-0.0474   -0.7951 
-0.0425   -0.7956 
-0.0376   -0.7960 
-0.0327   -0.7965 
-0.0277   -0.7969 
-0.0228   -0.7972 
-0.0179   -0.7975 
-0.0130   -0.7977 
-0.0081   -0.7978 
-0.0032   -0.7980 
0.0000    -0.7980 
0.0049    -0.7980 
0.0098    -0.7980 
0.0147    -0.7979 
0.0196    -0.7978 
0.0245    -0.7976 
0.0294    -0.7973 
0.0343    -0.7970 
0.0392    -0.7966 
0.0441    -0.7962 
0.0489    -0.7958 
0.0538    -0.7953 
0.0587    -0.7947 
0.0636    -0.7941 
0.0684    -0.7935 
0.0733    -0.7928 
0.0782    -0.7921 
0.0830    -0.7913 
0.0879    -0.7905 
0.0928    -0.7896 
0.0976    -0.7887 
0.1025    -0.7877 
0.1073    -0.7868 
0.1122    -0.7857 
0.1170    -0.7847 
0.1219    -0.7836 
0.1267    -0.7824 
0.1315    -0.7812 
0.1364    -0.7800 
0.1412    -0.7788 
0.1460    -0.7775 
0.1508    -0.7762 
0.1557    -0.7749 
0.1605    -0.7735 
0.1653    -0.7721 
0.1701    -0.7706 
0.1749    -0.7692 
0.1798    -0.7677 
0.1846    -0.7662 
0.1894    -0.7646 
0.1942    -0.7630 
0.1990    -0.7614 
0.2038    -0.7598 
0.2086    -0.7582 
0.2134    -0.7565 
0.2182    -0.7548 
0.2229    -0.7531 
0.2277    -0.7514 
0.2325    -0.7496 
0.2373    -0.7479 
0.2421    -0.7461 
0.2469    -0.7443 
0.2516    -0.7425 
0.2564    -0.7406 
0.2612    -0.7388 
0.2659    -0.7369 
0.2707    -0.7351 
0.2755    -0.7332 
0.2802    -0.7313 
0.2850    -0.7294 
0.2898    -0.7275 
0.2945    -0.7255 
0.2993    -0.7236 
0.3040    -0.7217 
0.3088    -0.7197 
0.3135    -0.7178 
0.3183    -0.7158 
0.3230    -0.7138 
0.3277    -0.7119 
0.3325    -0.7099 
0.3372    -0.7079 
0.3419    -0.7060 
0.3467    -0.7040 
0.3514    -0.7020 
0.3561    -0.7001 
0.3609    -0.6981 
0.3656    -0.6961 
0.3703    -0.6942 
0.3750    -0.6922 
0.3798    -0.6903 
0.3845    -0.6883 
0.3892    -0.6864 
0.3939    -0.6845 
0.3986    -0.6826 
0.4000    -0.6820 
0.4047    -0.6801 
0.4094    -0.6782 
0.4141    -0.6763 
0.4188    -0.6744 
0.4235    -0.6726 
0.4282    -0.6707 
0.4329    -0.6688 
0.4376    -0.6670 
0.4423    -0.6651 
0.4470    -0.6633 
0.4517    -0.6614 
0.4563    -0.6596 
0.4610    -0.6578 
0.4657    -0.6559 
0.4703    -0.6541 
0.4750    -0.6523 
0.4797    -0.6504 
0.4843    -0.6486 
0.4890    -0.6467 
0.4936    -0.6449 
0.4983    -0.6431 
0.5029    -0.6412 
0.5075    -0.6394 
0.5122    -0.6375 
0.5168    -0.6357 
0.5214    -0.6338 
0.5260    -0.6319 
0.5306    -0.6300 
0.5352    -0.6281 
0.5398    -0.6262 
0.5444    -0.6243 
0.5490    -0.6224 
0.5536    -0.6205 
0.5581    -0.6185 
0.5627    -0.6166 
0.5673    -0.6146 
0.5718    -0.6127 
0.5763    -0.6107 
0.5809    -0.6087 
0.5854    -0.6066 
0.5899    -0.6046 
0.5945    -0.6026 
0.5990    -0.6005 
0.6000    -0.6000 
0.6045    -0.5979 
0.6090    -0.5958 
0.6135    -0.5937 
0.6180    -0.5915 
0.6224    -0.5894 
0.6269    -0.5872 
0.6313    -0.5850 
0.6358    -0.5828 
0.6403    -0.5806 
0.6447    -0.5784 
0.6491    -0.5762 
0.6536    -0.5740 
0.6580    -0.5717 
0.6625    -0.5694 
0.6669    -0.5672 
0.6713    -0.5649 
0.6758    -0.5626 
0.6802    -0.5604 
0.6846    -0.5581 
0.6891    -0.5558 
0.6935    -0.5535 
0.6979    -0.5512 
0.7024    -0.5489 
0.7068    -0.5466 
0.7113    -0.5443 
0.7157    -0.5420 
0.7201    -0.5397 
0.7246    -0.5374 
0.7291    -0.5351 
0.7335    -0.5328 
0.7380    -0.5306 
0.7425    -0.5283 
0.7469    -0.5260 
0.7514    -0.5237 
0.7559    -0.5215 
0.7604    -0.5192 
0.7649    -0.5170 
0.7694    -0.5147 
0.7739    -0.5125 
0.7785    -0.5103 
0.7830    -0.5081 
0.7876    -0.5059 
0.7921    -0.5037 
0.7967    -0.5016 
0.8000    -0.5000 
0.8046    -0.4979 
0.8092    -0.4957 
0.8138    -0.4936 
0.8184    -0.4915 
0.8230    -0.4894 
0.8277    -0.4873 
0.8323    -0.4852 
0.8369    -0.4832 
0.8416    -0.4811 
0.8462    -0.4790 
0.8508    -0.4769 
0.8555    -0.4748 
0.8601    -0.4728 
0.8647    -0.4707 
0.8694    -0.4686 
0.8740    -0.4665 
0.8786    -0.4644 
0.8832    -0.4622 
0.8877    -0.4601 
0.8923    -0.4579 
0.8969    -0.4558 
0.9014    -0.4536 
0.9059    -0.4514 
0.9105    -0.4491 
0.9149    -0.4469 
0.9194    -0.4446 
0.9239    -0.4423 
0.9283    -0.4400 
0.9327    -0.4376 
0.9371    -0.4353 
0.9414    -0.4328 
0.9458    -0.4304 
0.9501    -0.4279 
0.9543    -0.4254 
0.9586    -0.4228 
0.9628    -0.4202 
0.9669    -0.4176 
0.9711    -0.4149 
0.9752    -0.4122 
0.9792    -0.4094 
0.9833    -0.4066 
0.9873    -0.4037 
0.9912    -0.4008 
0.9951    -0.3978 
0.9990    -0.3948 
1.0000    -0.3940 
1.0038    -0.3909 
1.0076    -0.3878 
1.0113    -0.3846 
1.0150    -0.3813 
1.0186    -0.3780 
1.0222    -0.3747 
1.0257    -0.3713 
1.0292    -0.3678 
1.0327    -0.3643 
1.0361    -0.3608 
1.0395    -0.3572 
1.0428    -0.3535 
1.0461    -0.3499 
1.0494    -0.3461 
1.0526    -0.3424 
1.0558    -0.3386 
1.0590    -0.3347 
1.0621    -0.3308 
1.0652    -0.3269 
1.0683    -0.3229 
1.0713    -0.3189 
1.0743    -0.3149 
1.0772    -0.3108 
1.0801    -0.3067 
1.0830    -0.3026 
1.0859    -0.2984 
1.0887    -0.2942 
1.0915    -0.2900 
1.0943    -0.2857 
1.0970    -0.2814 
1.0997    -0.2771 
1.1024    -0.2728 
1.1050    -0.2684 
1.1076    -0.2640 
1.1102    -0.2596 
1.1128    -0.2551 
1.1154    -0.2507 
1.1179    -0.2462 
1.1204    -0.2417 
1.1228    -0.2372 
1.1253    -0.2326 
1.1277    -0.2281 
1.1301    -0.2235 
1.1325    -0.2189 
1.1349    -0.2143 
1.1372    -0.2097 
1.1395    -0.2050 
1.1418    -0.2004 
1.1420    -0.2000 
1.1443    -0.1953 
1.1465    -0.1907 
1.1488    -0.1860 
1.1510    -0.1813 
1.1532    -0.1766 
1.1553    -0.1719 
1.1574    -0.1672 
1.1595    -0.1625 
1.1616    -0.1577 
1.1636    -0.1530 
1.1656    -0.1482 
1.1676    -0.1435 
1.1695    -0.1387 
1.1714    -0.1339 
1.1732    -0.1292 
1.1750    -0.1244 
1.1767    -0.1196 
1.1784    -0.1148 
1.1801    -0.1100 
1.1816    -0.1051 
1.1832    -0.1003 
1.1847    -0.0955 
1.1861    -0.0907 
1.1874    -0.0858 
1.1887    -0.0810 
1.1900    -0.0762 
1.1912    -0.0713 
1.1923    -0.0665 
1.1933    -0.0616 
1.1943    -0.0567 
1.1952    -0.0519 
1.1960    -0.0470 
1.1968    -0.0422 
1.1975    -0.0373 
1.1981    -0.0324 
1.1986    -0.0275 
1.1990    -0.0227 
1.1994    -0.0178 
1.1997    -0.0129 
1.1999    -0.0080 
1.2000    -0.0032 
