0.0000    0.4600  
-0.0048   0.4588  
-0.0096   0.4575  
-0.0144   0.4561  
-0.0192   0.4546  
-0.0239   0.4530  
-0.0286   0.4513  
-0.0333   0.4495  
-0.0380   0.4478  
-0.0427   0.4461  
-0.0474   0.4443  
-0.0522   0.4426  
-0.0569   0.4410  
-0.0600   0.4400  
-0.0648   0.4385  
-0.0696   0.4371  
-0.0744   0.4358  
-0.0793   0.4346  
-0.0841   0.4334  
-0.0890   0.4323  
-0.0939   0.4312  
-0.0988   0.4302  
-0.1000   0.4300  
-0.1049   0.4290  
-0.1098   0.4281  
-0.1148   0.4272  
-0.1197   0.4263  
-0.1246   0.4254  
-0.1295   0.4244  
-0.1344   0.4235  
-0.1393   0.4224  
-0.1442   0.4214  
-0.1490   0.4202  
-0.1500   0.4200  
-0.1548   0.4188  
-0.1596   0.4174  
-0.1643   0.4161  
-0.1691   0.4146  
-0.1738   0.4130  
-0.1785   0.4114  
-0.1831   0.4098  
-0.1877   0.4080  
-0.1924   0.4062  
-0.1970   0.4043  
-0.2015   0.4024  
-0.2061   0.4004  
-0.2106   0.3984  
-0.2152   0.3963  
-0.2197   0.3942  
-0.2242   0.3920  
-0.2286   0.3898  
-0.2331   0.3875  
-0.2376   0.3852  
-0.2420   0.3829  
-0.2465   0.3805  
-0.2509   0.3781  
-0.2554   0.3757  
-0.2598   0.3732  
-0.2642   0.3707  
-0.2686   0.3682  
-0.2730   0.3657  
-0.2774   0.3631  
-0.2819   0.3606  
-0.2863   0.3580  
-0.2907   0.3554  
-0.2951   0.3529  
-0.2995   0.3503  
-0.3000   0.3500  
-0.3044   0.3474  
-0.3089   0.3448  
-0.3133   0.3422  
-0.3177   0.3396  
-0.3221   0.3370  
-0.3265   0.3343  
-0.3309   0.3317  
-0.3353   0.3290  
-0.3397   0.3263  
-0.3440   0.3236  
-0.3483   0.3209  
-0.3526   0.3181  
-0.3568   0.3153  
-0.3611   0.3125  
-0.3652   0.3096  
-0.3694   0.3067  
-0.3735   0.3037  
-0.3775   0.3008  
-0.3815   0.2977  
-0.3855   0.2946  
-0.3893   0.2915  
-0.3932   0.2883  
-0.3969   0.2851  
-0.4007   0.2818  
-0.4043   0.2784  
-0.4079   0.2750  
-0.4113   0.2716  
-0.4148   0.2680  
-0.4181   0.2644  
-0.4214   0.2607  
-0.4245   0.2570  
-0.4276   0.2531  
-0.4300   0.2500  
-0.4329   0.2460  
-0.4357   0.2420  
-0.4385   0.2379  
-0.4411   0.2337  
-0.4436   0.2294  
-0.4461   0.2251  
-0.4485   0.2207  
-0.4507   0.2162  
-0.4529   0.2117  
-0.4550   0.2072  
-0.4571   0.2025  
-0.4590   0.1979  
-0.4609   0.1932  
-0.4627   0.1884  
-0.4644   0.1836  
-0.4660   0.1788  
-0.4676   0.1740  
-0.4691   0.1691  
-0.4705   0.1642  
-0.4718   0.1593  
-0.4731   0.1543  
-0.4743   0.1493  
-0.4754   0.1443  
-0.4765   0.1393  
-0.4775   0.1343  
-0.4784   0.1293  
-0.4793   0.1243  
-0.4800   0.1200  
-0.4808   0.1150  
-0.4814   0.1100  
-0.4821   0.1050  
-0.4827   0.0999  
-0.4832   0.0949  
-0.4837   0.0899  
-0.4841   0.0849  
-0.4844   0.0799  
-0.4848   0.0749  
-0.4850   0.0699  
-0.4852   0.0649  
-0.4854   0.0599  
-0.4856   0.0549  
-0.4856   0.0499  
-0.4857   0.0449  
-0.4857   0.0399  
-0.4857   0.0349  
-0.4856   0.0299  
-0.4855   0.0250  
-0.4854   0.0200  
-0.4852   0.0150  
-0.4850   0.0100  
-0.4848   0.0050  
-0.4846   -0.0000 
-0.4843   -0.0050 
-0.4840   -0.0100 
-0.4837   -0.0150 
-0.4833   -0.0200 
-0.4830   -0.0250 
-0.4826   -0.0300 
-0.4822   -0.0350 
-0.4818   -0.0400 
-0.4813   -0.0450 
-0.4809   -0.0500 
-0.4805   -0.0550 
-0.4800   -0.0600 
-0.4800   -0.0600 
-0.4795   -0.0650 
-0.4791   -0.0700 
-0.4786   -0.0750 
-0.4781   -0.0800 
-0.4775   -0.0850 
-0.4770   -0.0900 
-0.4765   -0.0950 
-0.4759   -0.1000 
-0.4753   -0.1050 
-0.4747   -0.1100 
-0.4740   -0.1150 
-0.4733   -0.1200 
-0.4726   -0.1250 
-0.4719   -0.1299 
-0.4711   -0.1349 
-0.4703   -0.1398 
-0.4694   -0.1448 
-0.4686   -0.1497 
-0.4676   -0.1546 
-0.4667   -0.1595 
-0.4656   -0.1644 
-0.4646   -0.1693 
-0.4635   -0.1742 
-0.4623   -0.1791 
-0.4611   -0.1839 
-0.4598   -0.1887 
-0.4585   -0.1936 
-0.4571   -0.1983 
-0.4557   -0.2031 
-0.4541   -0.2079 
-0.4526   -0.2126 
-0.4509   -0.2174 
-0.4500   -0.2200 
-0.4483   -0.2247 
-0.4464   -0.2294 
-0.4446   -0.2340 
-0.4426   -0.2387 
-0.4406   -0.2432 
-0.4385   -0.2478 
-0.4364   -0.2524 
-0.4341   -0.2569 
-0.4318   -0.2613 
-0.4295   -0.2658 
-0.4270   -0.2702 
-0.4245   -0.2745 
-0.4219   -0.2788 
-0.4193   -0.2831 
-0.4166   -0.2873 
-0.4138   -0.2915 
-0.4109   -0.2956 
-0.4080   -0.2997 
-0.4049   -0.3037 
-0.4019   -0.3077 
-0.4000   -0.3100 
-0.3968   -0.3139 
-0.3935   -0.3177 
-0.3902   -0.3214 
-0.3868   -0.3251 
-0.3833   -0.3288 
-0.3798   -0.3324 
-0.3762   -0.3359 
-0.3725   -0.3393 
-0.3688   -0.3427 
-0.3650   -0.3461 
-0.3612   -0.3493 
-0.3573   -0.3525 
-0.3534   -0.3557 
-0.3494   -0.3588 
-0.3453   -0.3618 
-0.3413   -0.3648 
-0.3371   -0.3677 
-0.3330   -0.3705 
-0.3287   -0.3733 
-0.3245   -0.3760 
-0.3202   -0.3786 
-0.3159   -0.3812 
-0.3115   -0.3837 
-0.3071   -0.3862 
-0.3027   -0.3886 
-0.3000   -0.3900 
-0.2955   -0.3923 
-0.2910   -0.3945 
-0.2865   -0.3967 
-0.2820   -0.3988 
-0.2774   -0.4008 
-0.2728   -0.4028 
-0.2682   -0.4047 
-0.2636   -0.4066 
-0.2589   -0.4084 
-0.2542   -0.4102 
-0.2495   -0.4119 
-0.2448   -0.4136 
-0.2401   -0.4152 
-0.2354   -0.4168 
-0.2306   -0.4184 
-0.2258   -0.4199 
-0.2210   -0.4214 
-0.2162   -0.4228 
-0.2114   -0.4242 
-0.2066   -0.4256 
-0.2018   -0.4269 
-0.1969   -0.4283 
-0.1921   -0.4296 
-0.1872   -0.4309 
-0.1823   -0.4321 
-0.1775   -0.4333 
-0.1726   -0.4346 
-0.1677   -0.4358 
-0.1628   -0.4369 
-0.1579   -0.4381 
-0.1530   -0.4393 
-0.1500   -0.4400 
-0.1451   -0.4411 
-0.1402   -0.4423 
-0.1353   -0.4434 
-0.1305   -0.4445 
-0.1256   -0.4457 
-0.1207   -0.4468 
-0.1158   -0.4479 
-0.1109   -0.4489 
-0.1060   -0.4500 
-0.1011   -0.4511 
-0.0962   -0.4521 
-0.0913   -0.4532 
-0.0864   -0.4542 
-0.0815   -0.4552 
-0.0767   -0.4562 
-0.0718   -0.4572 
-0.0669   -0.4582 
-0.0620   -0.4591 
-0.0570   -0.4601 
-0.0521   -0.4610 
-0.0472   -0.4620 
-0.0423   -0.4629 
-0.0374   -0.4638 
-0.0325   -0.4646 
-0.0276   -0.4655 
-0.0227   -0.4663 
-0.0177   -0.4672 
-0.0128   -0.4680 
-0.0079   -0.4688 
-0.0029   -0.4695 
0.0000    -0.4700 
0.0049    -0.4707 
0.0099    -0.4715 
0.0148    -0.4722 
0.0198    -0.4729 
0.0247    -0.4736 
0.0297    -0.4742 
0.0347    -0.4749 
0.0396    -0.4755 
0.0446    -0.4761 
0.0495    -0.4767 
0.0545    -0.4772 
0.0595    -0.4778 
0.0645    -0.4783 
0.0694    -0.4788 
0.0744    -0.4793 
0.0794    -0.4798 
0.0844    -0.4802 
0.0894    -0.4807 
0.0944    -0.4811 
0.0994    -0.4815 
0.1043    -0.4818 
0.1093    -0.4822 
0.1143    -0.4825 
0.1193    -0.4829 
0.1243    -0.4832 
0.1293    -0.4834 
0.1343    -0.4837 
0.1393    -0.4839 
0.1443    -0.4842 
0.1493    -0.4844 
0.1543    -0.4846 
0.1593    -0.4847 
0.1643    -0.4849 
0.1693    -0.4850 
0.1700    -0.4850 
0.1750    -0.4851 
0.1800    -0.4852 
0.1850    -0.4852 
0.1900    -0.4853 
0.1950    -0.4853 
0.2000    -0.4853 
0.2050    -0.4853 
0.2100    -0.4852 
0.2150    -0.4852 
0.2200    -0.4851 
0.2250    -0.4850 
0.2300    -0.4849 
0.2350    -0.4847 
0.2400    -0.4846 
0.2450    -0.4844 
0.2500    -0.4842 
0.2550    -0.4839 
0.2600    -0.4837 
0.2650    -0.4834 
0.2700    -0.4831 
0.2750    -0.4828 
0.2800    -0.4825 
0.2850    -0.4821 
0.2900    -0.4817 
0.2950    -0.4813 
0.2999    -0.4809 
0.3049    -0.4805 
0.3099    -0.4800 
0.3100    -0.4800 
0.3150    -0.4795 
0.3200    -0.4790 
0.3249    -0.4785 
0.3299    -0.4779 
0.3349    -0.4773 
0.3398    -0.4767 
0.3448    -0.4761 
0.3498    -0.4755 
0.3547    -0.4748 
0.3597    -0.4741 
0.3646    -0.4734 
0.3696    -0.4727 
0.3745    -0.4720 
0.3795    -0.4712 
0.3844    -0.4705 
0.3894    -0.4697 
0.3943    -0.4689 
0.3993    -0.4680 
0.4042    -0.4672 
0.4091    -0.4663 
0.4140    -0.4655 
0.4190    -0.4646 
0.4239    -0.4637 
0.4288    -0.4627 
0.4337    -0.4618 
0.4386    -0.4609 
0.4435    -0.4599 
0.4485    -0.4589 
0.4534    -0.4579 
0.4583    -0.4569 
0.4632    -0.4559 
0.4680    -0.4548 
0.4729    -0.4538 
0.4778    -0.4527 
0.4827    -0.4516 
0.4876    -0.4505 
0.4900    -0.4500 
0.4949    -0.4489 
0.4997    -0.4478 
0.5046    -0.4466 
0.5095    -0.4455 
0.5143    -0.4443 
0.5192    -0.4432 
0.5240    -0.4420 
0.5289    -0.4408 
0.5337    -0.4396 
0.5386    -0.4384 
0.5434    -0.4372 
0.5483    -0.4359 
0.5531    -0.4347 
0.5579    -0.4334 
0.5628    -0.4321 
0.5676    -0.4308 
0.5724    -0.4295 
0.5772    -0.4282 
0.5820    -0.4269 
0.5869    -0.4256 
0.5917    -0.4242 
0.5965    -0.4229 
0.6013    -0.4215 
0.6061    -0.4201 
0.6109    -0.4187 
0.6157    -0.4173 
0.6206    -0.4159 
0.6254    -0.4144 
0.6302    -0.4130 
0.6350    -0.4115 
0.6398    -0.4101 
0.6400    -0.4100 
0.6448    -0.4085 
0.6496    -0.4070 
0.6544    -0.4055 
0.6592    -0.4040 
0.6640    -0.4024 
0.6688    -0.4009 
0.6736    -0.3993 
0.6783    -0.3977 
0.6831    -0.3961 
0.6879    -0.3945 
0.6926    -0.3928 
0.6974    -0.3912 
0.7021    -0.3895 
0.7068    -0.3878 
0.7116    -0.3861 
0.7163    -0.3843 
0.7210    -0.3825 
0.7257    -0.3807 
0.7304    -0.3789 
0.7350    -0.3770 
0.7397    -0.3751 
0.7443    -0.3732 
0.7489    -0.3713 
0.7536    -0.3693 
0.7581    -0.3673 
0.7627    -0.3653 
0.7673    -0.3632 
0.7718    -0.3611 
0.7764    -0.3590 
0.7809    -0.3568 
0.7853    -0.3546 
0.7898    -0.3524 
0.7943    -0.3501 
0.7987    -0.3478 
0.8031    -0.3455 
0.8075    -0.3431 
0.8118    -0.3407 
0.8162    -0.3382 
0.8205    -0.3357 
0.8248    -0.3332 
0.8290    -0.3306 
0.8300    -0.3300 
0.8342    -0.3274 
0.8384    -0.3247 
0.8426    -0.3220 
0.8468    -0.3192 
0.8509    -0.3164 
0.8550    -0.3136 
0.8590    -0.3107 
0.8631    -0.3077 
0.8671    -0.3048 
0.8711    -0.3018 
0.8751    -0.2987 
0.8790    -0.2957 
0.8829    -0.2925 
0.8868    -0.2894 
0.8907    -0.2862 
0.8945    -0.2830 
0.8983    -0.2797 
0.9021    -0.2764 
0.9059    -0.2731 
0.9096    -0.2697 
0.9133    -0.2663 
0.9170    -0.2629 
0.9206    -0.2594 
0.9243    -0.2559 
0.9279    -0.2524 
0.9314    -0.2488 
0.9350    -0.2452 
0.9385    -0.2416 
0.9400    -0.2400 
0.9435    -0.2363 
0.9469    -0.2326 
0.9504    -0.2289 
0.9538    -0.2251 
0.9571    -0.2213 
0.9604    -0.2175 
0.9637    -0.2136 
0.9669    -0.2097 
0.9701    -0.2057 
0.9732    -0.2018 
0.9762    -0.1977 
0.9792    -0.1937 
0.9821    -0.1896 
0.9850    -0.1855 
0.9878    -0.1813 
0.9905    -0.1771 
0.9931    -0.1728 
0.9957    -0.1685 
0.9982    -0.1642 
1.0006    -0.1598 
1.0029    -0.1554 
1.0051    -0.1510 
1.0072    -0.1464 
1.0092    -0.1419 
1.0100    -0.1400 
1.0119    -0.1354 
1.0136    -0.1307 
1.0153    -0.1260 
1.0169    -0.1213 
1.0184    -0.1165 
1.0197    -0.1117 
1.0210    -0.1069 
1.0222    -0.1020 
1.0233    -0.0971 
1.0244    -0.0922 
1.0253    -0.0872 
1.0262    -0.0823 
1.0270    -0.0773 
1.0277    -0.0723 
1.0283    -0.0673 
1.0289    -0.0623 
1.0294    -0.0572 
1.0298    -0.0522 
1.0300    -0.0500 
1.0303    -0.0450 
1.0306    -0.0399 
1.0308    -0.0349 
1.0309    -0.0299 
1.0310    -0.0248 
1.0310    -0.0198 
1.0310    -0.0148 
1.0309    -0.0098 
1.0307    -0.0047 
1.0304    0.0003  
1.0301    0.0053  
1.0297    0.0103  
1.0293    0.0153  
1.0288    0.0203  
1.0282    0.0252  
1.0275    0.0302  
1.0268    0.0352  
1.0261    0.0401  
1.0252    0.0451  
1.0243    0.0500  
1.0234    0.0549  
1.0223    0.0598  
1.0213    0.0647  
1.0201    0.0696  
1.0200    0.0700  
1.0188    0.0749  
1.0175    0.0797  
1.0161    0.0845  
1.0147    0.0893  
1.0132    0.0941  
1.0117    0.0989  
1.0101    0.1037  
1.0084    0.1084  
1.0067    0.1131  
1.0049    0.1178  
1.0030    0.1225  
1.0011    0.1271  
0.9992    0.1317  
0.9971    0.1363  
0.9951    0.1409  
0.9929    0.1454  
0.9907    0.1499  
0.9884    0.1544  
0.9861    0.1588  
0.9838    0.1633  
0.9813    0.1676  
0.9800    0.1700  
0.9775    0.1743  
0.9749    0.1786  
0.9723    0.1829  
0.9696    0.1871  
0.9669    0.1913  
0.9641    0.1955  
0.9613    0.1996  
0.9584    0.2037  
0.9555    0.2078  
0.9525    0.2118  
0.9495    0.2158  
0.9464    0.2197  
0.9432    0.2236  
0.9401    0.2275  
0.9368    0.2314  
0.9336    0.2352  
0.9302    0.2389  
0.9269    0.2427  
0.9235    0.2463  
0.9200    0.2500  
0.9200    0.2500  
0.9165    0.2536  
0.9130    0.2572  
0.9094    0.2607  
0.9057    0.2642  
0.9020    0.2676  
0.8983    0.2710  
0.8945    0.2743  
0.8907    0.2776  
0.8868    0.2807  
0.8829    0.2839  
0.8790    0.2869  
0.8749    0.2899  
0.8709    0.2928  
0.8668    0.2956  
0.8626    0.2983  
0.8600    0.3000  
0.8558    0.3026  
0.8515    0.3051  
0.8471    0.3075  
0.8428    0.3099  
0.8383    0.3122  
0.8339    0.3144  
0.8294    0.3166  
0.8249    0.3187  
0.8203    0.3208  
0.8158    0.3228  
0.8112    0.3248  
0.8066    0.3268  
0.8019    0.3287  
0.7973    0.3306  
0.7927    0.3325  
0.7880    0.3344  
0.7833    0.3363  
0.7787    0.3381  
0.7740    0.3400  
0.7693    0.3419  
0.7647    0.3438  
0.7600    0.3457  
0.7554    0.3477  
0.7508    0.3497  
0.7500    0.3500  
0.7454    0.3520  
0.7408    0.3541  
0.7362    0.3561  
0.7317    0.3582  
0.7271    0.3604  
0.7226    0.3625  
0.7181    0.3647  
0.7135    0.3668  
0.7090    0.3690  
0.7045    0.3712  
0.7000    0.3733  
0.6955    0.3755  
0.6910    0.3777  
0.6864    0.3798  
0.6819    0.3819  
0.6774    0.3840  
0.6729    0.3861  
0.6683    0.3882  
0.6638    0.3902  
0.6592    0.3922  
0.6546    0.3941  
0.6500    0.3960  
0.6454    0.3979  
0.6408    0.3997  
0.6400    0.4000  
0.6353    0.4017  
0.6307    0.4034  
0.6260    0.4051  
0.6213    0.4067  
0.6165    0.4082  
0.6118    0.4098  
0.6070    0.4112  
0.6023    0.4127  
0.5975    0.4141  
0.5927    0.4155  
0.5879    0.4168  
0.5831    0.4182  
0.5782    0.4195  
0.5734    0.4208  
0.5686    0.4220  
0.5637    0.4233  
0.5589    0.4245  
0.5540    0.4258  
0.5491    0.4270  
0.5443    0.4283  
0.5394    0.4295  
0.5346    0.4308  
0.5297    0.4320  
0.5248    0.4333  
0.5200    0.4346  
0.5151    0.4358  
0.5103    0.4372  
0.5054    0.4385  
0.5006    0.4398  
0.5000    0.4400  
0.4952    0.4414  
0.4903    0.4428  
0.4855    0.4442  
0.4807    0.4456  
0.4759    0.4471  
0.4711    0.4486  
0.4663    0.4500  
0.4615    0.4515  
0.4567    0.4529  
0.4519    0.4543  
0.4471    0.4558  
0.4423    0.4572  
0.4375    0.4586  
0.4327    0.4599  
0.4278    0.4612  
0.4230    0.4625  
0.4182    0.4638  
0.4134    0.4650  
0.4085    0.4661  
0.4037    0.4672  
0.3988    0.4683  
0.3939    0.4693  
0.3900    0.4700  
0.3851    0.4709  
0.3802    0.4717  
0.3753    0.4724  
0.3704    0.4731  
0.3654    0.4737  
0.3605    0.4743  
0.3555    0.4749  
0.3506    0.4753  
0.3456    0.4758  
0.3406    0.4762  
0.3356    0.4766  
0.3306    0.4770  
0.3256    0.4773  
0.3206    0.4776  
0.3156    0.4780  
0.3106    0.4782  
0.3056    0.4785  
0.3006    0.4788  
0.2955    0.4791  
0.2905    0.4794  
0.2855    0.4797  
0.2805    0.4800  
0.2800    0.4800  
0.2750    0.4803  
0.2699    0.4806  
0.2649    0.4810  
0.2599    0.4813  
0.2548    0.4816  
0.2498    0.4819  
0.2448    0.4822  
0.2397    0.4824  
0.2347    0.4827  
0.2297    0.4828  
0.2247    0.4830  
0.2197    0.4831  
0.2147    0.4831  
0.2097    0.4831  
0.2047    0.4830  
0.1997    0.4828  
0.1947    0.4826  
0.1898    0.4823  
0.1848    0.4818  
0.1799    0.4813  
0.1749    0.4807  
0.1700    0.4800  
0.1700    0.4800  
0.1651    0.4792  
0.1602    0.4783  
0.1553    0.4773  
0.1504    0.4762  
0.1455    0.4752  
0.1406    0.4741  
0.1357    0.4730  
0.1308    0.4720  
0.1259    0.4710  
0.1210    0.4702  
0.1200    0.4700  
0.1151    0.4692  
0.1101    0.4686  
0.1052    0.4680  
0.1002    0.4675  
0.0952    0.4671  
0.0903    0.4667  
0.0853    0.4664  
0.0803    0.4661  
0.0753    0.4659  
0.0703    0.4657  
0.0653    0.4655  
0.0602    0.4653  
0.0552    0.4652  
0.0502    0.4650  
0.0500    0.4650  
0.0450    0.4648  
0.0399    0.4646  
0.0349    0.4644  
0.0299    0.4640  
0.0249    0.4636  
0.0199    0.4632  
0.0150    0.4626  
0.0100    0.4619  
0.0051    0.4610  
0.0002    0.4601  
